URL
#skip-topnav-target
/
/cambridge-ma/apartments-for-rent
/cambridge-ma/houses-for-rent
/user/listings/my-list
https://hotpads.com/renter-hub/inbox
/user/saved-search
/list-your-rental
https://www.zillow.com/renter-hub/payments
https://www.zillow.com/renter-hub/applications/?utm_medium=web&utm_source=hotpads&utm_campaign=applyNow
https://app.us.adjust.com/4xxpwq?campaign=web&adgroup=hamburgerMenu&creative=ios
https://app.us.adjust.com/v9a1qr?campaign=web&adgroup=hamburgerMenu&creative=android
https://hotpads.com/blog
/
/cambridge-ma/apartments-for-rent
/cambridge-ma/houses-for-rent
/user/listings/my-list
https://hotpads.com/renter-hub/inbox
/user/saved-search
/list-your-rental
/login?redirect=/cambridge-ma/apartments-for-rent
"https://maps.google.com/maps?ll=42.3673,-71.1017&z=12&t=m&hl=en-US&gl=US&mapclient=apiv3"
https://www.google.com/intl/en-US_US/help/terms_maps.html
"https://www.google.com/maps/@42.3673,-71.1017,12z/data=!10m1!1e1!12b1?source=apiv3&rapsrc=apiv3"
/46-chester-ave-medford-ma-02155-1j4y19b/pad
/1191-commonwealth-ave-boston-ma-02134-suqq14/building
/3-mclean-pl-cambridge-ma-02140-1pu2wgm/pad
/107-charles-st-boston-ma-02114-skesu8/4/pad
/125-trapelo-rd-belmont-ma-02478-skerzt/building
/5a-grimes-st-boston-ma-02127-1zfkzsj/3/pad
/190-210-old-colony-ave-boston-ma-02127-239gcjw/pad
/53-bow-st-somerville-ma-02143-1j4vrgv/2/pad
/38-larch-st-brighton-ma-02135-1ub3s6d/1f/pad
/18-winslow-rd-brookline-ma-02446-svb06v/building
/33-merriam-st-somerville-ma-02143-1j4vpzu/building
/972-saratoga-st-boston-ma-02128-1j4rjhj/building
/42-worcester-sq-boston-ma-02118-1pk1g04/1-id487/pad-corporate-housing
/brighton-ma-02135-tmh7h0/5/pad
/51-channing-rd-belmont-ma-02478-1tgury8/building
/6-camelot-ct-boston-ma-02135-skg02m/building
/boston-ma-02127-spm5af/1/pad
/1661-washington-st-boston-ma-02118-1n5sexn/building
/11-15-greylock-rd-allston-ma-02134-20wjyhb/2r/pad
/48-52-leo-m-birmingham-pkwy-brighton-ma-02135-238jxzs/building
/cambridge-ma/apartments-for-rent?border=false&lat=42.3673&lon=-71.1017
#
/cambridge-ma/apartments-for-rent?border=false&lat=42.3673&lon=-71.1017&page=40
/massachusetts
/cambridge-ma/apartments-for-rent
/cambridge-ma/apartments-for-rent
/cambridge-ma/pet-friendly-apartments-for-rent
/cambridge-ma/apartments-for-rent-with-laundry
/cambridge-ma/apartments-for-rent
/cambridge-ma/apartments-for-rent-with-gym
/cambridge-ma/apartments-for-rent-with-parking
/cambridge-ma/apartments-for-rent?promo=true
/cambridge-ma/luxury-apartments-for-rent
/cambridge-ma/affordable-apartments-for-rent
/cambridge-ma/affordable-apartments-for-rent
/cambridge-ma/luxury-apartments-for-rent
/cambridge-ma/studio-apartments-for-rent
/cambridge-ma/1-bedroom-apartments-for-rent
/cambridge-ma/2-bedroom-apartments-for-rent
/cambridge-ma/3-bedroom-apartments-for-rent
/cambridge-ma/pet-friendly-apartments-for-rent
/cambridge-ma/furnished-apartments-for-rent
/cambridge-ma/apartments-for-rent-with-laundry
/cambridge-ma/apartments-for-rent-with-parking
/cambridge-ma/apartments-for-rent-with-gym
/cambridge-ma/loft-apartments-for-rent
/cambridge-ma/new-apartments-for-rent
/cambridge-ma/houses-for-rent
/cambridge-ma/new-houses-for-rent
/cambridge-ma/rooms-for-rent
/cambridge-ma/condos-for-rent
/cambridge-ma/townhomes-for-rent
/cambridge-ma/for-rent-by-owner
/east-cambridge-cambridge-ma/apartments-for-rent
/mid-cambridge-cambridge-ma/apartments-for-rent
/north-cambridge-cambridge-ma/apartments-for-rent
/riverside-cambridge-ma/apartments-for-rent
/wellington-harrington-cambridge-ma/apartments-for-rent
/the-port-area-4-cambridge-ma/apartments-for-rent
/cambridgeport-cambridge-ma/apartments-for-rent
/peabody-cambridge-ma/apartments-for-rent
/west-cambridge-cambridge-ma/apartments-for-rent
/aggasiz-harvard-north-cambridge-ma/apartments-for-rent
/boston-ma/apartments-for-rent
/lynn-ma/apartments-for-rent
/newton-ma/apartments-for-rent
/quincy-ma/apartments-for-rent
/somerville-ma/apartments-for-rent
/medford-ma/apartments-for-rent
/watertown-ma/apartments-for-rent
/everett-ma/apartments-for-rent
/belmont-ma/apartments-for-rent
/arlington-ma/apartments-for-rent
/middlesex-county-ma/apartments-for-rent
/suffolk-county-ny/apartments-for-rent
/hartford-county-ct/apartments-for-rent
/new-haven-county-ct/apartments-for-rent
/worcester-county-ma/apartments-for-rent
/norfolk-county-ma/apartments-for-rent
/essex-county-ma/apartments-for-rent
/plymouth-county-ma/apartments-for-rent
/providence-county-ri/apartments-for-rent
/bristol-county-ma/apartments-for-rent
/02148/apartments-for-rent
/02155/apartments-for-rent
/02149/apartments-for-rent
/02128/apartments-for-rent
/02135/apartments-for-rent
/02143/apartments-for-rent
/02138/apartments-for-rent
/02139/apartments-for-rent
/02145/apartments-for-rent
/02134/apartments-for-rent
/apartments-near-me
/houses-near-me
/about-us
https://www.zillow.com/corp/Terms.htm
https://privacy.zillowgroup.com
https://help.hotpads.com
https://www.zillow.com/marketing/rental-manager/listing-feeds/
/list-your-rental
/directory-sitemap
https://privacy.zillowgroup.com/cookie
https://app.us.adjust.com/sbfwuc?campaign=web&adgroup=homepageFooter&creative=ios
https://app.us.adjust.com/nuf8sz?campaign=web&adgroup=homepageFooter&creative=android
mailto:support@hotpads.com
https://www.hud.gov/program_offices/fair_housing_equal_opp
https://www.zillow.com/rental-manager/resources/fair-housing-guide/ 
/cambridge-ma/apartments-for-rent?_pxhc=1691785110868
https://www.zillowgroup.com/zg-privacy-policy/
https://www.onetrust.com/products/cookie-consent/
